39 41 76
18 40
8
42 58 64
-1
43
16 44
46 23 47 24 45
-1
44
8
48
49
8
0
10
50
53
9 37 51 28 52 26 4 48
11
11
14 54 15
48 56 24 55
50 56 24 55
-1
54
8 57
-1
32 56
-1
59
3 60
47 62 24 61
-1
60
8 63
-1
32 62
-1
65
13 67 31 68 33 24 74 75 66
-1
65
8
-1
69
71 70
-1
24 69
47 72
3 47 72
8 73
-1
32 72
41
76
2 77 15
79 78
-1
24 77
82
83
84
86
87
8 80
81
88
99 35 93
19 91 22 77 6 77 20
21 91 12 77 7
17 31 85 33
8
5 31 93 33
1 31 93 33
31 89 33
-1
93 90
-1
32 89
93 92
102 93
95 94
-1
103 93
97 96
-1
104 95
31 93 33
11
98
8 99
-1
37 93 26
29 100
8 101
-1
37 93 26
25
23
34
30
27
36
